41

2.611737, 2.884026, 1.311662,2159,1089,右中3灯
2.727353, 2.394940, 1.354136,2260.5,1071
2.241117, 2.220161, 1.265497,2199.5,1047.5
2.233587, 2.829660, 1.272573,2085.5,1069.5


3.168136, 1.125811, 1.300573,2552,1054,右中2灯
3.350638, 0.606820, 1.286311,2697,1040
2.775051, 0.484534, 1.247749,2705,1005
2.650858, 1.035617, 1.251531,2528,1006

6.237587, 3.058083, 1.371565,2482,1156.5,门
6.723250, 1.318151, 1.318681,2713.5,1156.5
6.843105, 1.471528, -0.799091,2697.5,1432.5
6.436856, 3.069890, -0.807459,2489.5,1431

8.338656, -1.555679, 1.657744,3048,1173,右侧墙
7.897982, -1.819573, -0.651298,3058,1403
0.309032, -3.991015, 1.168418,4185,1185
0.548210, -3.962349, -1.280332,4119,1696


0.314465, 0.283581, 1.138823,1884,456,头顶灯
0.280739, -0.172308, 1.203744,3036,327
-0.163170, -0.282902, 1.165093,4983,327
0.350554, 0.019165, 1.146449,2306,333


7.321158, -0.014513, 0.672563,2868,1257,柜子
7.342930, 0.031985, 0.001869,2868,1335
7.811048, -1.729529, 0.724814,3067,1264
7.857358, -1.777767, 0.024702,3060,1336


6.327135, 3.151497, -0.828924,2482,1431,左门
6.842814, 1.136559, -0.804000,2742,1434,右门
7.515152, 0.588903, -0.795036,2821,1420,小盒子
7.926227, -1.727318, -0.706925,3060,1420,右柜子
0.440483, -3.989674, -1.283074,4117,1698,墙角
-0.176571, -3.836091, -1.280441,4269,1729








44

6.090852, 3.055159, 1.436950,3121,1177,门
6.661980, 1.008141, 1.435271,3457,1197
6.827136, 1.147995, -0.781933,3443,1557
6.233912, 3.148786, -0.785026,3113,1550


7.528244, -0.110019, 0.649382,3591,1343,架子

2.113548, 2.773314, 1.261311,2704,1002,右三灯
2.343623, 2.221995, 1.266543,2904,976
2.907917, 2.351240, 1.302801,2790,860
2.677853, 2.910550, 1.308952,2560,936




104466141

左边
0.545638, 1.484601, -0.487097,214.7,443.3,下面柜子
3.024076, 1.488439, -0.398432,672,399.7
0.967181, 1.489680, -0.472926,250.5,432
3.049041, 1.528688, -1.074354,667.3,538.7

0.526281, 1.575932, 0.820412,228,303,上面柜子
3.876278, 1.558858, 0.914963,792,276

3.876851, 1.155636, 1.028011,838.5,255,门
3.965535, 1.264876, -1.110624,835.5,558


右边
3.738631, -1.493486, 1.558403,1347,247,右侧墙角

2.510830, -1.640913, -0.263168,1588,378,椅子
2.174582, -1.647561, -0.264234,1659,381
2.220243, -1.660331, -0.880966,1662,484
2.186027, -1.642276, -1.146926,1659,553

0.647001, -1.719439, -1.290328,1900,556


70

0.536502, 1.551126, 0.820610,1031,524
4.012107, 0.398428, 0.584577,1050,525
4.037323, 0.163092, 0.543464,1071,525
4.048115, 0.141320, 0.245272,1072,546
4.016628, 0.416830, 0.295556,1052,548
4.025653, 0.712826, 0.322796,1031,547



new
3.870915, 1.514446, 1.329272,970,474
3.866309, 1.556016, 0.910617,970,506
0.533740, 1.566561, 0.831212,776,458
0.511423, 1.541129, 1.353648,772,379
0.977325, 1.477995, -1.125241,842,744



0.553880, 1.514623, -0.470673,792,680
0.977325, 1.477995, -1.125241,842,744
2.987987, 1.489476, -0.386935,959,607


1830
2.797925, -0.787057, 0.710087,2626.5,1113,上面柜子左下角
2.722701, -0.748862, 0.262676,2756,1104,上面柜子左下角第一扇门
2.715947, -1.246487, 0.634764,2628,972,上面柜子左上角
2.526798, -1.339089, -2.697201,3520,1064,上面柜子右上角
2.474655, -0.840341, -2.719907,3516,1180,上面柜子右下角

2.775980, 0.235972, 0.595862,2634,1434,下面柜子左上角瓶盖

2.119354, -0.960691, -2.698218,3594,1122,门左上角
0.096357, -0.925531, -2.599467,4150,1088,门右上角
0.139808, 1.359847, -2.573454,4119.5,1762,门右下角
2.174806, 1.379045, -2.656775,3575,1653,门左下角
1.107015, 1.366275, -2.764052,3831.5,1701.5,门下面中间

-0.683995, -1.298643, -2.535858,4414.7,996,墙右上角
2.470778, -1.415349, -2.552453,3527,1038,墙左上角

1.981220, -0.767952, -2.835113,3634.5,1173,门左上第一扇窗
1.769017, -0.762192, -2.813848,3687,1167
1.763343, -0.501106, -2.805123,3684,1233
1.979590, -0.505479, -2.835620,3639,1237



16428
2.119354, -0.960691, -2.698218,1138.5,1048.5,门左上角
0.096357, -0.925531, -2.599467,1669.5,1039.5,门右上角
0.139808, 1.359847, -2.573454,1674,1633.5,门右下角
2.174806, 1.379045, -2.656775,1125,1627.5,门左下角
1.107015, 1.366275, -2.764052,1411.5,1626,门下面中间

16428 pcd1
1.456409, -3.055733, -1.056165,1138.5,1048.5,门左上角
1.417070, -3.034469, 0.960296,1669.5,1039.5,门右上角
-0.818645, -2.924614, 0.883754,1674,1633.5,门右下角
-0.792778, -2.983621, -1.099199,1125,1627.5,门左下角
0.167824, -1.285529, 1.701344,2224.5,1371,椅子右上角
0.341578, -1.566667, -1.394455,807,1308,微波炉左上角
-0.616170, -1.733551, -1.329675,898.5,1716,打开的柜门左下角